0.946817256564 0.919426696399
0.918407081466 0.961700833623
0.382084838052 0.336216572253
0.364127753968 0.321877043443
0.863452295817 0.836522969766
0.98320663775 0.998865254328
0.54410270789 0.533678353489
0.776406281594 0.798159944777
0.780717601988 0.762665243385
0.102983876358 0.0760527332018
0.789219895479 0.761178197742
0.552542415885 0.594087037436
0.957578825065 0.978356194431
0.670143690303 0.681097942439
0.386853672755 0.357786578194
0.301877137023 0.270994105253
0.333273418879 0.379290316501
0.583353692481 0.543517417005
0.609334976176 0.566541098831
0.366241901809 0.409878825585
0.678864782979 0.668529830616
0.133924639962 0.10309167423
0.975946408151 0.993094967478
0.573392076462 0.608897786115
0.412462400119 0.421232504546
0.673031632106 0.705388982314
0.372925496256 0.347807997438
0.112290753595 0.153135895799
0.275253532213 0.24611780232
0.0105886806754 -0.0228361534178
0.979407383669 0.951910194398
0.942364355866 0.962035729242
0.0995714822175 0.112940271628
0.790879226536 0.81532835299
0.369523405154 0.37146397434
0.926066508755 0.91202818666
0.410266176687 0.439406962667
0.847441420743 0.811187579072
0.633679032905 0.639477797095
0.391792696826 0.374375914937
0.17671942166 0.191216051684
0.946192670268 0.897137680944
0.221136834468 0.240610688643
0.507242153457 0.48899693156
0.846919110343 0.879773436974
0.43473260383 0.39873585668
0.240519287208 0.201865062964
0.0638171463632 0.103249656069
0.476101874577 0.509072695265
0.459035752135 0.437540287137
0.178371245881 0.179565193976
0.36319708572 0.336053845116
0.233356889049 0.211352233927
0.286785281772 0.292885160539
0.682870141416 0.672174979319
0.298950157656 0.271933885738
0.655417915276 0.687007074494
0.417050322807 0.435849066435
0.642866550008 0.671728246147
0.873551902895 0.87434087001
0.882073997333 0.89641321626
0.901901023859 0.935559883025
0.129386349474 0.148134124991
0.584387123604 0.600946308493
0.363074998903 0.353760429363
0.0898168697168 0.0771316526448
0.367666552404 0.379838132905
0.0454467877315 0.087441859979
0.86801245821 0.906805111588
0.479164809388 0.524570834637
0.56708483961 0.573363937037
0.532020663005 0.517384405058
0.9588313923 0.992066489834
0.836560209851 0.840694147552
0.429944579911 0.428684893181
0.175877779297 0.223075754459
0.860649175389 0.81762097657
0.498997708372 0.535232167283
0.029174938699 -0.0184250377058
0.208385264463 0.210196464682
0.813681007003 0.828278625316
0.252134475839 0.295625749135
0.833246645866 0.812157790204
0.861909514581 0.840040144284
0.304295248445 0.283484816138
0.115369551254 0.153824467943
0.510460518412 0.503413674565
0.847086764207 0.878560396471
0.672228479085 0.642453161606
0.22374726284 0.218268886429
0.904682576065 0.937148218327
0.339820700537 0.343777294308
0.967684870254 0.979017342074
0.184011114165 0.183061278875
0.830387603379 0.809959126638
0.261796825389 0.308350206903
0.161215247119 0.155919779282
0.376779608771 0.404348891172
0.89789817789 0.928829321338
0.834714522494 0.863396873132
0.824144857947 0.799192004348
0.822699935424 0.865789479849
0.866276437798 0.833438882547
0.985588598619 0.996649850618
0.103680962959 0.130090420145
0.598422457498 0.574361924555
0.18992672118 0.162731943569
0.599203329307 0.617941928787
0.195198836987 0.232149924494
0.166144978681 0.11784927592
0.942579121712 0.953341397582
0.379509164038 0.371318708264
0.73830523277 0.709951117413
0.415679580512 0.42427042605
0.141504866859 0.107154866586
0.493548380659 0.486480645395
0.145901696511 0.114426738728
0.314676549247 0.348931769176
0.529515053338 0.507236966357
0.900829118272 0.917395585539
0.246594745418 0.208610285947
0.202685448221 0.205495818781
0.401054528608 0.419304920047
0.562481361034 0.596733063622
0.651553240994 0.674884903036
0.66668250401 0.629364699561
0.620802759444 0.65288263009
0.0975311664729 0.13554171702
0.507074103971 0.493327164024
0.980598005017 1.02327294704
0.29814054756 0.280199274991
0.135427231508 0.17980785208
0.940722623168 0.947284109903
0.196081577031 0.159937745615
0.769675328966 0.815300654424
0.0392332454623 0.0866779793059
0.431875266869 0.4316983189
0.0935959526989 0.0920864974171
0.346888779196 0.392676179967
0.866078770306 0.864567754066
0.459761994764 0.479943793808
0.288654816646 0.25023535378
0.990132433131 0.984213204761
0.464892348957 0.492457175576
0.085084087489 0.0496771504353
0.266600032306 0.22703205008
0.704644518467 0.734741413423
0.272756137395 0.265811406146
0.408382782132 0.441651193424
0.538305031265 0.531208114443
0.915322234063 0.895374760355
0.302897793222 0.307517875464
0.417929119379 0.40455639567
0.791771807473 0.824479229191
0.00311349665058 0.0290695400811
0.331872573387 0.314019510353
0.65617652753 0.656117683043
0.300490285794 0.340440085172
0.984393955543 1.01593188081
0.110734366341 0.0984876120929
0.212224045811 0.184486125142
0.752014982366 0.73019479006
0.793405222995 0.830923536873
0.628052532048 0.634837438187
0.693636933106 0.656165069372
0.595293346971 0.554554812111
0.671877700045 0.647140921269
0.940580726072 0.910768554022
0.412866094054 0.421431307523
0.716171094403 0.682132446131
0.873724624476 0.887033090379
0.765628720557 0.772952956777
0.00343975316017 0.0488139020884
0.973864994456 0.965068195521
0.895588973724 0.943734454547
0.359065366691 0.382964697522
0.567114614006 0.589892520175
0.869969386228 0.836123961076
0.387984850692 0.414860279841
0.452974870702 0.428147836788
0.742120469783 0.754481352739
0.69469161348 0.74089544589
0.0639282671931 0.0237451859392
0.551166843244 0.521084859316
0.850407747934 0.87933059828
0.975537914092 0.933888358214
0.112636180382 0.155227014643
0.843980399572 0.796710641733
0.0100390389887 0.00867700791522
0.257083710544 0.263637573412
0.932684752382 0.906443364485
0.54696012956 0.551376067782
0.905963963687 0.887528959313
0.311581792971 0.346164845803
0.303022391167 0.334583539177
0.25394326657 0.274798261225
0.924703918942 0.889416031911
0.167506719532 0.204880021115
0.139063735498 0.0924380218432
0.158095710958 0.171006809292
0.430797698342 0.47904172417
0.272161148172 0.302648432962
0.330016358314 0.309314434519
0.142162559996 0.168286028605
0.281681383691 0.238027201451
0.366984186481 0.365684643629
0.196093050455 0.244096291823
0.405346523168 0.417670886335
0.51202660985 0.467021243885
0.588479440193 0.540813576383
0.75361078522 0.749211533314
0.241789691687 0.253708361604
0.578752682702 0.534806861007
0.604666129019 0.635793389229
0.800718911743 0.758284332046
0.289430200221 0.324701348053
0.286310875665 0.318367102066
0.767048551297 0.741672291323
0.528955132741 0.55512956284
0.270015022216 0.238395661978
0.707078250367 0.657180980235
0.928799738988 0.957091697558
0.197237208092 0.195762144383
0.011763192591 -0.0209414496658
0.954145978581 0.906256268772
0.729326545932 0.757875539645
0.741435230789 0.733893568819
0.29848156062 0.342854188712
0.560388328354 0.548452376356
0.275433215738 0.324443894717
0.112641284524 0.0704880790621
0.66743110237 0.668054405021
0.439431446257 0.482752947186
0.564039014165 0.556271557908
0.39035285565 0.419279788006
0.506199969549 0.527190178352
0.973960886428 1.01142516374
0.25652434459 0.242063529647
0.320077153429 0.305842478658
0.451590097557 0.500052035002
0.584802809582 0.623650700756
0.0310932030751 0.00543967198037
0.503187636358 0.540529147291
0.373889972316 0.3964647045
0.576477584584 0.605084639961
0.634673839019 0.676872810343
0.619602235085 0.662056315601
0.945969447247 0.91991390241
0.35025894013 0.397234564602
0.44142117181 0.427184097539
0.00996376411291 0.0178365430644
0.314081730095 0.337635304577
0.73226248699 0.757492774474
0.236044804956 0.277765058321
0.373061544258 0.329921911651
0.183914354631 0.139686869859
0.568698912033 0.573502010818
0.0532222116444 0.0298114783528
0.41684147642 0.446336047333
0.3062290048 0.354545144216
0.308855362579 0.325325205026
0.419210921648 0.446595431206
0.884397711623 0.910617534066
0.202930784685 0.230244940224
0.556194049192 0.571504693468
0.188125636981 0.191498970909
0.250600497093 0.285159589852
0.0178030838843 0.051350929219
0.0466280252983 0.0666789605515
0.0112019077329 0.0158583232997
0.0172299392762 0.00876906378851
0.534433580827 0.56490089306
0.381977614698 0.356993021638
0.157488554425 0.199430163404
0.437386168544 0.399476878222
0.6029875427 0.563008442392
0.483097388553 0.492573355176
0.175230682841 0.168502376897
0.950238393148 0.928428589954
0.305394443407 0.33290682193
0.0839708093554 0.12439749541
0.917401851846 0.906315020068
0.309049429622 0.336523599693
0.505866777499 0.460085700535
0.602359160885 0.616442762294
0.73812601929 0.739728225123
0.883617604165 0.907956681453
0.109688867499 0.0604368939997
0.945620864791 0.985130164202
0.997046168647 1.04520910605
0.797880990343 0.81724960727
0.869331860344 0.831614202284
0.302398035888 0.346649133026
0.888761929944 0.904527618301
0.0761586552804 0.119623426844
0.439063314555 0.486277347048
0.695670557091 0.702208168335
0.250755353373 0.211425847226
0.988647092397 0.986047284868
0.871634819048 0.877583545639
0.00252957024719 -0.00967893265765
0.832467947896 0.800667998703
0.485775028385 0.475351069318
0.944519132714 0.982307779694
0.70779096314 0.718976866129
0.49786428026 0.529968136844
0.336417269965 0.308237656866
0.896737788731 0.919246699518
0.224684445242 0.267480270311
0.173060654968 0.186838692863
0.901521631282 0.906706495364
0.769440356198 0.727067574806
0.338051201496 0.37148573756
0.424349845705 0.378683872216
0.436660313332 0.452111644119
0.649823139839 0.631345107485
0.920769718445 0.932794722068
0.968511293063 0.980111233889
0.0640302530934 0.101873510133
0.687685251915 0.678159887302
0.368326110645 0.349122653821
0.873411412626 0.919433304131
0.304584305445 0.268799623197
0.503958631473 0.472434941508
0.726886390208 0.718814927731
0.182709694991 0.148737129971
0.986857510475 0.98978570055
0.301558668257 0.339994781795
0.287501163033 0.253494093884
0.852625006354 0.883692372727
0.911204580229 0.918023816769
0.576323337061 0.605777052747
0.11009073873 0.117036896906
0.159555679764 0.206744184
0.0352103605217 -0.0144557330184
0.53529936227 0.531753203073
0.559919183395 0.565606514164
0.65738651076 0.67740744067
0.887595026436 0.850655469821
0.219435104566 0.25790537446
0.957807786525 0.914541809399
0.245934792499 0.294053884114
0.449866380792 0.444484168677
0.933178086631 0.968902018129
0.254962918557 0.257457148968
0.241187831728 0.287076664282
0.72909687069 0.685065469231
0.870393355248 0.910848344172
0.246194014953 0.221267388865
0.542253031659 0.575584562342
0.431692292925 0.457703992366
0.678016027188 0.70956385863
0.363208949093 0.40370079391
0.361788191865 0.370986471705
0.491076852079 0.504402646225
0.543741834806 0.51123981159
0.174092522655 0.181554141973
0.517594974292 0.549052712427
0.227900637662 0.260121298595
0.183082571432 0.202011470424
0.676763089735 0.634318456071
0.0661663415549 0.0993329584693
0.104653421299 0.0735242088852
0.671686437345 0.711032530928
0.0104975276264 0.0154722699618
0.633601467999 0.656671809177
0.573735202653 0.541900480432
0.89609346095 0.916866136718
0.955900670221 0.931137894264
0.089877433631 0.0788507478258
0.139427940817 0.188729181207
0.119218481863 0.105467158734
0.224867658539 0.190321693982
0.244043457474 0.198848745748
0.893199952008 0.890411623518
0.67755427687 0.680199592191
0.106814840713 0.144748173346
0.322964040122 0.330035172773
0.909295141182 0.895717946302
0.00930324937763 0.0324744414084
0.705916959389 0.698060748193
0.55083745953 0.541245960047
0.586744260036 0.628314084146
0.231527563639 0.25347427914
0.885792272582 0.870975987184
0.590424576823 0.580108076033
0.957023242726 0.995681129374
0.507803516974 0.535656616945
0.732854914678 0.701727426562
0.901337110415 0.854666340029
0.726746359912 0.737884351756
0.94614047458 0.950820114849
0.946944274645 0.975510060627
0.656159421301 0.705830715596
0.201449936564 0.203947847242
0.179421979551 0.141231584915
0.591569538563 0.574988107889
0.147472551587 0.142445008251
0.512571778756 0.473793267577
0.65322067925 0.65095917858
0.306112338214 0.339686391294
0.767912853079 0.789074005162
0.383877588595 0.343293836078
0.629195250611 0.667139910572
0.902314723423 0.872877325532
0.178732276908 0.204171008058
0.532106019016 0.534955959224
0.513434235915 0.475770912148
0.263222810646 0.226055086979
0.33760681512 0.305027284648
0.702148083638 0.711739898373
0.9053567561 0.868157163436
0.0260401408094 -0.00179056253289
0.88320947248 0.929617161422
0.915391323135 0.884407246475
0.843299692417 0.884850619542
0.485034708585 0.498715002335
0.520825964874 0.474243036284
0.200790951118 0.222484224312
0.398378262367 0.361326628083
0.0517984210197 0.0718241272539
0.312692925107 0.310586523024
0.823698280013 0.842953633533
0.967575523058 1.01429126097
0.53211779321 0.53897424205
0.544730487574 0.55520194249
0.485738461849 0.525985876088
0.540709876934 0.574946306399
0.57455896106 0.594313364036
0.882689539624 0.868815024574
0.574517415624 0.538341264774
0.351595267105 0.340498282581
0.849911586947 0.894332933254
0.706472528903 0.670600555358
0.612492007929 0.622743313556
0.912307038513 0.920752490643
0.805399550906 0.795903106984
0.150419987595 0.17113846966
0.819433069519 0.78560693551
0.797182921764 0.831388190164
0.820574420781 0.853314996494
0.142952507587 0.149455253273
0.666944360108 0.625636713626
0.964410061366 1.0044059197
0.356546967052 0.36784065663
0.994033427657 0.99040782096
0.671458565804 0.700490760157
0.0141880422031 -0.0140745216546
0.140203023519 0.091305442774
0.990881491399 1.00859068224
0.54091883811 0.519991873648
0.183787032279 0.176654640579
0.19214314874 0.232978005249
0.140026540799 0.161716864469
0.491474950428 0.485254110837
0.240739144345 0.268042925956
0.534433608407 0.532923514241
0.211931125887 0.241182071552
0.704228794286 0.672384000286
0.417944733313 0.394529024553
0.791526924581 0.751475536877
0.16880836828 0.194163226922
0.708808274419 0.667021022843
0.104647063197 0.151040667869
0.0329046343031 0.0441638393212
0.572334041266 0.61247325832
0.567891562385 0.523456512815
0.775898974961 0.752298030666
0.26188017307 0.30144328765
0.193104365354 0.208725792378
0.866800419802 0.888951663559
0.959294188761 0.929057234147
0.76277251637 0.746523755753
0.777809509196 0.795303239132
0.491091084494 0.456813507407
0.208543259836 0.188365581431
0.523251834345 0.491547183673
0.272260230763 0.227094921026
0.700200702974 0.73409509737
0.0933534964399 0.109185961221
0.848863651535 0.838442632492
0.871219831953 0.882317853482
0.574312633635 0.590264300032
0.145619900948 0.101348857421
0.354159031491 0.353324391953
0.222035108693 0.174167878581
0.720708938113 0.761309052275
0.98521009163 0.946044947897
0.793509468825 0.812700350355
0.00568844475517 0.0134462064397
0.66818483653 0.639843585748
0.496671482703 0.50572327484
0.385433169868 0.362424404372
0.602199077205 0.598174387524
0.120704145668 0.149033989825
0.209194967415 0.199934681811
0.683252055718 0.635900690962
0.0629456998076 0.0282996162306
0.18421442363 0.190363001165
0.41949707558 0.386122609931
0.0933439489701 0.0695937044991
0.36030196171 0.386210476055
0.337457318321 0.363091289693
0.98215767861 0.998205747276
0.621256679987 0.646163493025
0.84464009334 0.799890499592
0.327919179253 0.289557760667
0.514875585677 0.48795936507
0.537699010825 0.565211448406
0.198400878995 0.154654380064
0.0502395154903 0.00778381924878
0.42578348032 0.399990626892
0.476800896998 0.469199474696
0.0492995268956 0.0530061295355
0.27426330078 0.264749779669
0.255086605193 0.270683629902
0.0903812656712 0.0882856858303
0.550387701644 0.516928117245
0.459859890105 0.472480348403
0.329366659635 0.32188827664
0.604457639159 0.599614345556
0.58211111039 0.562428629876
0.458578471711 0.455567617945
0.0614307382622 0.105454247809
0.669969838502 0.690445862834
0.674148829872 0.670012119305
0.176442242479 0.197809186346
0.822906314236 0.806161794404
0.944858267007 0.925172182354
0.721898981508 0.68832855954
0.239071935868 0.231654809397
0.0517695751338 0.086890984198
0.791854335028 0.816350904884
0.215931224381 0.221326822569
0.210322401466 0.216671142827
0.373111271929 0.407206408703
0.872543459389 0.868358594127
0.424437281395 0.441095553695
0.906242022669 0.921743654014
0.212064813113 0.18951602468
0.652194657094 0.660098425564
0.802873160368 0.79657732409
0.363515559186 0.330055264845
0.598034054797 0.566622375009
0.272714543953 0.232239501472
0.205105130685 0.247161185737
0.653585118858 0.677773987374
0.652775461177 0.603864957733
0.312557907257 0.272331400518
0.513500178337 0.543445614423
0.431315130571 0.426219315561
0.103232925286 0.0942411102296
0.981239354811 0.937026171435
0.115139496838 0.079440648216
0.0712380937851 0.0903095005537
0.792987873003 0.840102454855
0.471075440573 0.467535844078
0.0795235124543 0.106111202418
0.502029763187 0.53227753712
0.800641392429 0.764943340515
0.835737645946 0.867073917198
0.241167217596 0.285458704824
0.82656859271 0.803215653766
0.00611208431641 0.0123319701269
0.358957780581 0.378019179967
0.776693469042 0.79078817054
0.285842340339 0.335283414005
0.767142860355 0.811586341966
0.255176317065 0.27814632548
0.997371493212 0.948716223025
0.382261656859 0.36385665603
0.643640707537 0.636488039577
0.714826678201 0.694564469804
0.743648672039 0.710926348077
0.763188679182 0.793475739505
0.73276465568 0.764546448923
0.320201722488 0.348849903122
0.712949779382 0.744162574109
0.163980396492 0.166577507814
0.960096221703 0.980038622149
0.114870194408 0.15158210545
0.0769325895808 0.0396344964521
0.41866114529 0.45656667185
0.201499986752 0.243621432778
0.726955656133 0.687838477499
0.352974582138 0.396042331744
0.39844570743 0.359983150144
0.984424294907 1.02598668633
0.824320274216 0.806237019453
0.851604501511 0.839714181198
0.802068444102 0.838066040961
0.298344240721 0.251989092547
0.489303144434 0.537212329196
0.919367983998 0.927653527095
0.935078688947 0.941662529045
0.844273418694 0.821785906475
0.257752028395 0.287508980061
0.629850662755 0.635051833275
0.0548803443135 0.00655139196949
0.73977674512 0.75763821804
0.2853769225 0.317207879101
0.372198825444 0.400524249984
0.904608925888 0.921557686442
0.28769819154 0.248254909988
0.0265278253088 0.0529637024781
0.667051583546 0.704708077421
0.762932863219 0.744347343446
0.80986556053 0.817013634688
0.292580609568 0.318023504096
0.334432715303 0.327480049069
0.230134134548 0.241240347382
0.761288027981 0.736908023876
0.690860850484 0.709792316684
0.384420132011 0.3551496881
0.297758866102 0.295822470789
0.995073336368 1.03034530298
0.153247546989 0.155311886502
0.830146193626 0.792258775893
0.0176328315009 -0.0242781004436
0.600213313427 0.571365747781
0.929023408903 0.902767580252
0.593695863999 0.605455028851
0.545874050509 0.505535346015
0.417841199455 0.405797207023
0.814902513721 0.786907923168
0.492170510247 0.525484723643
0.774927710442 0.784086621301
0.490002752416 0.447439859876
0.238724798807 0.222056533983
0.570326326817 0.614418684739
0.614168189764 0.6386165275
0.173915256557 0.157068217743
0.785588902159 0.797506865705
0.806204832607 0.852171755311
0.583142928483 0.63059845038
0.7414166583 0.782774490982
0.30852911445 0.306596544872
0.109320301725 0.120883897014
0.562647114333 0.558106539398
0.312899937915 0.292940278173
0.832669224811 0.836065536948
0.757074592628 0.739774846568
0.78031866869 0.743139982567
0.929901753546 0.904747507778
0.195714649748 0.192301627307
0.420255000839 0.380848699216
0.41439099319 0.403805745697
0.193692864673 0.144313145191
0.882834359388 0.862990934074
0.719786378198 0.704478312241
0.612880816113 0.634291177551
0.642097843768 0.601991553027
0.347107791461 0.373992521955
0.662175151798 0.710791530668
0.647131018271 0.644678201554
0.567306998826 0.520181099265
0.318017147971 0.274401402175
0.954834390155 0.947938707102
0.822095082342 0.86373245279
0.878973554569 0.906187839586
0.670546457077 0.677669378543
0.244989310437 0.274649649022
0.866855665755 0.865035797932
0.148859218349 0.1758436298
0.532535105797 0.535540819934
0.0433589086356 0.0697213230241
0.773835345404 0.78431930415
0.801720458615 0.802574717496
0.116314717408 0.152314204506
0.0395311768996 0.0626760302895
0.513952567764 0.538803970197
0.723996541041 0.738788208122
0.919534746588 0.897080283276
0.558736502169 0.556170341126
0.513242457155 0.494166359948
0.31736520875 0.310925939018
0.190279614548 0.179805061363
0.995018174162 0.968079468108
0.982630623779 1.0077437471
0.122830846926 0.123820665827
0.481324927362 0.434496256386
0.596689170455 0.626074781235
0.971672890926 1.00342134543
0.27142692879 0.26015079413
0.325995165874 0.345169479569
0.81315243993 0.831004921758
0.149545060675 0.181260523311
0.238666337807 0.248947021389
0.538545226823 0.529218636626
0.0683498752668 0.0729713371713
0.482313336251 0.438617035368
0.167727221784 0.202649017686
0.302943395757 0.264591258495
0.449677822682 0.463446878534
0.576150266096 0.551600909115
0.278726889139 0.302686271364
0.569524902596 0.568511769564
0.371222931549 0.412835307978
0.0818944060423 0.0490297072364
0.0740429341989 0.0250469830728
0.747814918832 0.759761739119
0.447152188901 0.449523678079
0.869209665763 0.871764404281
0.703220781061 0.719065435523
0.261644755979 0.235374925966
0.880721509703 0.929973197597
0.448595749006 0.405814288218
0.803336008809 0.84283662484
0.865349969361 0.889748680698
0.0332239192231 0.0748808988488
0.850187246243 0.884528196436
0.508751911487 0.511663318974
0.186010364443 0.149535055824
0.475635984038 0.484088482201
0.042606806328 0.0711081566247
0.285113586798 0.242883464802
0.838969056491 0.85595923831
0.0857255634818 0.059092285465
0.0433737371306 0.00899837844612
0.329223915976 0.343293129108
0.992192024298 0.985939297282
0.928343591654 0.924836200412
0.530000548723 0.511498763075
0.963158318477 0.968097714037
0.946016737587 0.915108432068
0.839994000444 0.821083991259
0.728972061114 0.754920748389
0.0856929470485 0.111853024134
0.0700427929861 0.0789501818647
0.767074997786 0.765397946104
0.373247692905 0.407644267155
0.287089702011 0.262501281022
0.129526087544 0.135737426316
0.00862295070586 0.0241686399501
0.238117096219 0.222585263808
0.468902130693 0.500601904444
0.0979188881509 0.112004752371
0.806005278568 0.808318457443
0.289620013379 0.247697271345
0.420874304517 0.453743155547
0.842783133526 0.843068959703
0.591480744127 0.545418913062
0.724889185739 0.733455713277
0.855175804338 0.860441769374
0.564366195096 0.59757745574
0.371905306274 0.416294282676
0.932789914222 0.928353357954
0.381510841991 0.412064155993
0.766539374526 0.718301315855
0.835110099237 0.833134591527
0.425629723953 0.43801504418
0.45361345592 0.421872958183
0.426254000861 0.463145105857
0.308762232193 0.318015866856
0.609251022417 0.653330261509
0.16186932538 0.132286337219
0.844855396239 0.811832054796
0.613336975315 0.620489916404
0.957115117998 0.959425387589
0.237930736736 0.245446348025
0.639224422032 0.642118594914
0.916909979437 0.886608654178
0.221583684641 0.203678987431
0.869524498796 0.828933666716
0.451922228642 0.469716217999
0.822607224749 0.809201247869
0.892660665949 0.925476376088
0.795240258237 0.823443464464
0.0539340525657 0.0952290132526
0.17049608353 0.129811635723
0.926164021302 0.879723507534
0.0346376448032 0.0418603661812
0.339946308473 0.375836035126
0.285940800561 0.312556910687
0.680817369025 0.675553187973
0.907539381548 0.954313426373
0.4222278692 0.394546124369
0.0250374168049 0.0559408694431
0.636570008471 0.663492510086
0.307206111663 0.290542752461
0.669591657777 0.638058089648
0.207932335897 0.227149379739
0.267618676947 0.233410960684
0.542961891677 0.581381141389
0.273111675926 0.234333029545
0.50257872881 0.516556152372
0.842273069127 0.824126395456
0.0169282593998 -0.0119699410436
0.38773491068 0.350868105421
0.165541447451 0.126907571304
0.409952774728 0.407407889494
0.487152994064 0.444914163019
0.965213270893 0.967373485119
0.300628938183 0.349835008617
0.499135603421 0.462282557567
0.858349668342 0.845914383792
0.053791074903 0.0525015194157
0.0279299342972 0.046840166436
0.795202695043 0.757236584389
0.0625204234186 0.0606498596801
0.569918847935 0.521305496954
0.449267957133 0.43896321288
0.281020724374 0.323102062139
0.147049343292 0.166775729208
0.397171213707 0.377102560847
0.449419890603 0.444534236683
0.191994652337 0.179443427185
0.200372002555 0.227976632958
0.12141035929 0.11158097139
0.402258500107 0.400815239023
0.267088761058 0.250504942064
0.17066375259 0.204380232525
0.30936060323 0.284832587624
0.648405407543 0.604095565303
0.430054432349 0.45505066738
0.879518623245 0.832839426953
0.868300257139 0.826174496656
0.219458829856 0.25934529462
0.921686447884 0.925502847242
0.61350679919 0.630206696666
0.175446213436 0.133803218579
0.313387096159 0.348758495164
0.52603369557 0.541927946911
0.10830202121 0.084251283148
0.756660163452 0.805992100964
0.885057329912 0.843870622627
0.413864463018 0.397061138217
0.642002186009 0.636657876231
0.606094635747 0.57365544621
0.751248577636 0.713653291548
0.348154596555 0.300932896849
0.986489902401 0.989079060354
0.916917407741 0.917848388847
0.652390901197 0.62906124957
0.852659328791 0.86394408258
0.910390614115 0.921488873712
0.0499633725188 0.0197893679511
0.840384255955 0.831911824123
0.800111205335 0.825950375906
0.0908375668555 0.0950085420353
0.0497800988533 0.0280199009782
0.100047613823 0.0874638901188
0.580956539282 0.620636510417
0.844516848211 0.84970860693
0.903857212899 0.877990712045
0.886853657708 0.933666900331
0.71189883174 0.689568788241
0.130559610569 0.0814452923019
0.614337628521 0.570525214692
0.348243049937 0.388413341124
0.355070458171 0.32537547641
0.184533416404 0.168289846786
0.0758742517144 0.0892692206085
0.135668403448 0.183418397595
0.214961355284 0.248067106362
0.84830970028 0.812430746052
0.657622878175 0.639654175634
0.0454880256898 0.00704350391629
0.627217153481 0.639475742179
0.580747176638 0.622957873533
0.839356402757 0.840144024326
0.759886825087 0.804045768628
0.680351447572 0.718892563881
0.279595906074 0.294188790623
0.0375881548873 0.0735554148002
0.0583276809026 0.00838760459821
0.200194985248 0.197619460757
0.0842102696485 0.0876498667911
0.184072924923 0.18091646202
0.508825579332 0.529180392662
0.873966190058 0.891841919134
0.607664945766 0.578480915426
0.605848739965 0.579898573103
0.591961803529 0.615093075009
0.178212595648 0.145237595182
0.573833867027 0.593332251541
0.27710590848 0.236049239557
0.0804555871595 0.0414599229099
0.683091086049 0.688809151012
0.81557385536 0.850912337183
0.508703378612 0.495720588005
0.55992126868 0.574533884189
0.684922139153 0.703736897446
0.358732165669 0.402009142648
0.49166567939 0.504552159729
0.609197955359 0.57510166909
0.497115681164 0.480299542555
0.0588478720801 0.108430537866
0.707722489575 0.696674398652
0.531759439321 0.567369629906
0.474674044581 0.52464241032
0.587278465447 0.622011741194
0.00453063807982 -0.0155255533694
0.159615708525 0.194226239566
0.776068651159 0.800370653113
0.934904827848 0.929033811701
0.508122763692 0.555382870264
0.922616914629 0.881439318566
0.385853307557 0.360725950301
0.902711891392 0.931780007357
0.570861292667 0.619702373264
0.506700105098 0.465837095237
0.960900767518 0.963486939662
0.300579377149 0.341809243126
0.867335952914 0.830220827558
0.208904683553 0.242702000994
0.870362775065 0.846587313108
0.0640398816877 0.0869154324671
0.798120908346 0.844493859804
0.704164953616 0.713442036268
0.540998214357 0.50781528641
0.332401531798 0.334960784721
0.681270910439 0.715222072484
0.624457237926 0.629449074459
0.361835358221 0.383430955772
0.233991923476 0.234908843989
0.901918512278 0.904342179902
0.722913458518 0.716164870673
0.333244114288 0.34420757398
0.120152529554 0.106324074975
0.748417869575 0.788870702319
0.286707472059 0.309951736156
0.491380521368 0.499319265208
0.10206877548 0.0837730837979
0.057290905182 0.0988072442944
0.94789117493 0.980326798064
0.188219128992 0.167564543153
0.468416879184 0.440274347901
0.62156603265 0.667089369743
0.282773222397 0.311502239533
0.412040092478 0.364067995784
0.0650187942924 0.0404998812915
0.303982241299 0.315117821665
0.965147584763 0.924880879435
0.16698705877 0.133096249707
0.65393710984 0.612290599796
0.596285267213 0.642520462748
0.86464404759 0.84462909004
0.464146726593 0.471332385585
0.841997951403 0.85967516911
0.955000735265 0.91827294281
0.460957403019 0.490224201273
0.073721915277 0.0604320341801
0.777121835246 0.741458126738
0.469312913325 0.515677617338
0.406338654321 0.422790237068
0.971399418428 0.954601244425
0.436620847073 0.412589263557
0.776962540613 0.765973063892
0.785691022039 0.771973479499
0.191866548683 0.22847008359
0.0302546172373 0.0395886730875
0.0835980045166 0.124248883401
0.858116049552 0.822679044782
0.823965320125 0.820201680512
0.94631446934 0.906567847906
0.916804601357 0.942319100783
0.178378749211 0.158771109156
0.988630445329 0.978604350913
0.17683512916 0.210385025381
0.643500813488 0.675083224415
0.0550088488273 0.0799310829037
0.20592259577 0.178223345976
0.0519872461152 0.0430587665454
0.636488902114 0.679372046652
0.769892994888 0.737764743915
0.260719347853 0.212763560914
0.351518853662 0.363900595753
0.309897273594 0.301194038716
0.653251824197 0.629622780866
0.942381564307 0.90189368787
0.976422832735 0.945666974963
0.593022486474 0.596597061863
0.746179847771 0.7343705361
0.214172993298 0.230585432748
0.420205204599 0.423172401403
0.586122537751 0.58344613442
0.214314650255 0.256192890893
0.524564881698 0.478673672445
0.916958605853 0.941099396912
0.201518593322 0.19053937258
0.639692508297 0.63812647229
0.156934236343 0.135812251897
0.606915241137 0.617561084442
0.312056798521 0.28352147793
0.898404936373 0.914064283366
0.541316397073 0.525911588189
0.647802872695 0.663773351511
0.747236261773 0.759353901915
0.970263318927 0.938510940435
0.530294588935 0.500599581688
0.0440823833704 0.00424075006293
0.0953104085921 0.139357196028
0.589877627939 0.626036071994
0.358030568977 0.395188109146
0.651265268286 0.608461941495
0.626323165198 0.664169943557
0.140215689138 0.0936850597942
0.0598138859293 0.0137800988974
0.984828458187 0.995337688522
